16 57
252 125
132 81
8 81
280 109
64 157
80 157
104 169
104 161
104 153
48 51
104 97
124 169
80 9
132 169
156 169
40 73
164 169
148 169
140 145
72 9
132 137
288 149
260 61
40 63
40 121
56 121
64 165
16 25
246 157
172 77
180 21
228 93
236 101
228 101
228 109
228 117
260 93
140 169
220 125
32 25
32 161
236 169
32 41
284 101
284 77
260 69
260 77
180 69
104 49
104 65
8 89
104 81
104 89
40 153
124 101
124 117
162 9
148 9
136 9
128 9
120 9
124 21
132 21
124 29
104 145
124 37
124 45
104 41
196 101
260 37
104 17
92 9
284 93
288 109
104 73
8 97
8 109
16 109
236 61
24 89
32 89
228 169
56 73
56 81
48 83
44 35
44 43
260 53
56 153
204 169
32 81
40 137
32 49
56 41
180 29
204 109
24 45
8 41
8 49
56 113
40 113
72 41
32 113
32 129
32 137
44 27
56 89
48 63
56 65
88 49
228 53
228 61
180 37
236 69
236 77
228 69
220 73
236 45
212 65
204 57
196 49
188 41
16 97
180 45
172 45
172 37
116 145
172 53
256 157
256 141
270 133
288 129
48 99
56 97
116 161
104 105
104 113
104 121
104 129
104 137
172 29
124 145
172 117
132 145
140 137
148 137
156 137
228 77
164 137
32 17
260 45
104 25
260 29
252 21
236 21
228 21
228 29
236 29
32 169
228 37
228 45
172 69
236 53
56 57
90 165
44 11
16 17
172 145
276 93
276 85
228 125
228 85
236 85
260 85
276 69
260 109
172 61
268 97
172 21
156 25
124 125
124 61
124 93
124 85
148 85
164 81
180 53
180 61
180 77
180 85
172 85
172 93
40 169
236 37
32 153
212 117
24 25
32 97
8 57
220 169
212 169
40 83
196 169
188 169
196 161
188 145
48 73
164 145
148 145
72 25
56 105
80 25
284 85
80 41
104 57
124 69
284 61
32 73
32 65
32 57
156 145
40 129
24 17
56 129
56 137
32 145
56 145
172 169
32 121
56 161
56 169
72 49
64 41
56 33
228 161
56 25
56 17
56 9
56 49
172 125
172 109
172 101
40 161
40 145
64 21
140 65
132 61
124 109
124 53
276 77
8 73
276 61
276 53
80 25
284 53
124 77
284 69
104 33
188 93
180 93
276 101
236 93
180 125
180 117
40 99
180 109
180 101
196 145
204 145
212 145
252 101
220 145
228 145
40 51
236 145
246 141
8 65
260 129
280 133
