246 157
256 157
256 141
260 129
252 125
270 133
280 133
288 149
288 129
288 109
284 101
284 93
284 85
276 93
268 97
276 101
280 109
260 109
236 101
228 101
228 93
236 93
252 101
260 93
260 85
260 77
276 85
276 77
284 77
284 69
284 61
284 53
276 53
276 61
276 69
260 69
260 61
260 53
260 45
260 37
260 29
236 37
236 29
252 21
236 21
228 21
228 29
228 37
236 45
228 45
228 53
236 53
236 61
228 61
228 69
236 69
236 77
236 85
228 85
228 77
220 73
212 65
204 57
196 49
180 53
180 61
172 61
172 69
172 77
172 85
172 93
172 101
172 109
172 117
180 125
180 117
180 109
180 101
204 109
196 101
188 93
180 93
180 85
148 85
164 81
180 77
180 69
172 53
172 45
180 45
188 41
180 37
172 37
172 29
180 29
180 21
172 21
162 9
148 9
156 25
124 37
124 45
104 41
104 33
104 25
124 29
124 21
132 21
136 9
128 9
120 9
104 17
92 9
80 9
72 9
56 9
56 17
56 25
64 21
72 25
80 25
80 25
88 49
80 41
72 41
72 49
64 41
56 33
44 27
44 35
44 43
48 51
56 41
56 49
56 57
56 65
56 73
48 73
40 73
48 63
40 63
40 51
32 49
24 45
32 41
32 25
44 11
32 17
24 25
24 17
16 17
16 25
8 41
8 49
8 57
8 65
16 57
32 57
32 65
32 73
8 73
8 81
8 89
8 97
16 97
32 97
40 99
48 99
56 105
56 113
56 121
56 129
56 137
56 145
56 153
56 161
56 169
64 165
80 157
90 165
104 169
104 161
116 161
104 153
104 145
104 137
104 129
104 113
104 105
104 97
104 89
104 81
56 97
56 89
56 81
48 83
40 83
32 81
32 89
24 89
8 109
16 109
32 113
40 113
32 121
40 121
40 129
32 129
32 137
32 145
32 153
32 161
32 169
40 169
40 161
40 153
40 145
40 137
64 157
104 121
124 85
124 77
124 69
104 73
104 65
104 57
104 49
124 53
124 61
132 61
140 65
132 81
124 93
124 101
124 109
124 117
124 125
116 145
124 145
132 145
140 137
132 137
148 145
156 145
156 137
148 137
140 145
140 169
132 169
124 169
148 169
156 169
164 169
172 169
188 169
196 169
204 169
212 169
220 169
196 161
172 145
164 145
164 137
172 125
188 145
196 145
204 145
212 145
220 145
220 125
212 117
228 109
228 117
228 125
246 141
236 145
228 145
228 161
228 169
236 169
