288 149
288 129
124 21
180 61
246 141
236 145
236 93
228 145
56 49
228 125
220 125
276 53
148 145
124 29
204 109
196 101
188 93
180 93
180 101
180 109
228 29
8 109
180 117
260 37
284 85
260 53
260 61
64 21
64 41
80 25
80 25
236 29
88 49
104 57
180 85
180 69
228 77
180 53
172 53
172 61
32 73
172 69
172 77
148 85
124 85
284 53
252 125
8 49
124 117
236 77
228 69
220 73
236 69
228 117
72 41
72 25
56 41
56 33
56 25
104 121
128 9
162 9
40 113
148 169
40 169
40 83
40 153
40 145
172 101
40 129
228 37
56 121
56 129
124 61
56 161
56 169
64 165
124 125
120 9
8 41
24 45
64 157
156 25
260 109
16 17
40 99
124 93
260 69
104 49
284 69
284 77
260 45
284 101
288 109
56 153
32 41
32 161
276 93
56 145
276 85
268 97
172 21
104 89
196 161
124 101
56 137
236 61
104 113
8 81
8 89
8 97
16 109
32 129
24 89
32 89
32 97
256 141
48 99
56 113
172 85
32 113
32 121
16 97
16 57
44 11
148 9
24 17
276 101
132 61
8 57
8 65
8 73
72 49
228 53
236 53
236 45
228 45
40 121
56 89
228 21
236 21
252 21
260 29
284 93
180 125
196 145
204 145
212 145
220 145
236 101
104 137
228 109
40 137
32 25
236 85
260 85
104 97
260 93
164 137
104 81
104 73
180 77
104 65
284 61
48 63
180 21
104 41
104 33
132 21
132 81
124 77
164 81
124 69
80 41
48 83
56 81
56 73
56 57
56 65
270 133
256 157
56 97
236 169
228 169
228 161
220 169
204 169
196 169
188 169
164 145
172 145
32 153
156 145
212 169
140 145
140 65
246 157
164 169
172 169
156 169
140 169
132 169
124 169
116 161
104 153
44 43
40 51
124 45
40 73
40 161
32 81
32 65
56 105
16 25
92 9
24 25
228 85
140 137
148 137
156 137
252 101
172 125
172 117
172 109
228 93
104 25
236 37
104 17
80 9
72 9
172 29
80 157
90 165
104 169
104 161
44 35
44 27
132 137
180 29
172 37
172 45
180 45
180 37
188 41
196 49
204 57
48 51
172 93
212 117
124 37
40 63
124 53
212 65
260 77
228 101
104 145
116 145
32 169
124 145
132 145
276 61
276 69
276 77
104 129
56 17
56 9
32 137
32 17
188 145
32 57
32 49
48 73
280 109
124 109
32 145
136 9
280 133
260 129
104 105
228 61
