124 37
56 121
236 85
172 85
284 93
32 25
32 169
56 137
276 101
156 145
228 125
48 63
256 157
8 109
124 109
284 53
180 61
24 89
172 45
284 69
44 27
172 69
56 145
48 51
104 113
236 69
124 145
116 161
288 129
132 21
80 25
32 137
204 109
270 133
180 85
180 109
124 29
40 153
32 121
148 145
32 129
56 113
44 43
156 137
92 9
228 145
228 37
140 137
164 145
276 85
180 93
16 25
236 77
220 125
172 117
48 83
32 113
104 105
180 117
40 63
228 161
56 97
124 169
40 129
284 61
246 141
64 165
276 77
284 85
148 169
56 25
228 117
252 21
56 73
56 49
288 149
276 53
56 105
104 49
132 61
220 169
40 121
124 125
40 51
32 17
72 49
180 21
124 45
24 25
276 61
132 145
40 73
56 89
260 77
228 85
284 77
280 133
212 169
196 169
104 161
124 69
180 77
8 81
260 69
24 45
64 157
132 137
180 37
56 17
104 97
80 157
180 69
104 57
88 49
204 145
48 99
104 121
56 65
8 73
32 65
124 85
56 41
164 137
32 161
236 93
172 21
8 65
40 99
32 81
124 21
288 109
180 125
32 49
124 77
172 29
148 137
16 97
188 93
276 69
228 29
90 165
180 101
180 45
260 61
32 89
56 129
260 85
104 73
188 41
236 45
260 109
228 169
40 169
56 57
56 33
140 65
204 169
148 85
80 25
104 137
44 35
124 101
172 61
16 109
172 169
104 153
8 97
162 9
260 45
32 57
172 53
268 97
104 89
228 61
164 81
212 145
252 101
172 145
32 145
140 169
64 41
140 145
172 93
104 25
196 145
228 69
124 93
228 53
260 53
180 29
72 25
120 9
40 161
256 141
56 153
8 41
156 169
260 93
236 101
72 41
172 101
148 9
104 145
80 9
104 17
132 169
228 93
172 77
188 145
156 25
104 41
16 57
32 41
236 37
32 73
104 33
172 37
212 65
260 29
124 61
136 9
48 73
172 109
236 169
124 53
276 93
212 117
24 17
220 145
196 101
40 137
32 97
40 83
196 161
16 17
8 89
104 65
228 109
8 49
56 81
32 153
220 73
172 125
40 145
104 81
8 57
104 129
80 41
284 101
252 125
56 169
64 21
228 77
236 21
236 145
196 49
104 169
236 61
204 57
228 45
132 81
124 117
228 21
188 169
228 101
280 109
128 9
236 53
246 157
236 29
56 161
56 9
260 129
40 113
180 53
116 145
44 11
72 9
164 169
260 37
