124 29
252 125
48 99
124 45
212 145
260 61
260 37
196 101
32 113
180 101
228 169
260 77
164 137
32 65
40 51
256 157
32 121
56 113
188 145
246 141
172 145
180 85
132 145
40 137
104 49
64 157
268 97
32 25
276 101
252 21
172 109
104 161
104 17
44 11
120 9
48 83
256 141
8 73
276 69
56 73
260 93
40 73
212 65
128 9
180 109
16 17
236 53
236 145
56 17
56 65
270 133
236 37
16 97
228 145
56 145
180 125
220 125
132 61
40 161
124 93
228 109
188 41
236 77
16 109
56 89
172 37
172 101
72 49
280 109
148 137
44 27
124 61
80 25
172 45
132 21
32 57
40 83
16 25
220 169
220 73
204 57
172 93
56 137
40 169
276 53
32 145
124 69
236 29
236 69
188 93
72 41
104 169
8 49
260 53
228 69
172 61
24 17
196 145
172 77
156 145
32 49
140 137
284 101
156 169
172 69
32 97
32 169
56 41
196 161
180 21
8 65
172 53
56 33
72 9
148 9
228 77
8 57
180 29
104 73
140 145
172 29
24 25
148 145
64 21
48 63
188 169
276 93
132 137
40 63
40 153
196 49
284 53
172 125
140 65
8 97
64 165
260 129
260 109
276 77
8 81
124 109
276 61
40 129
124 37
64 41
132 81
32 41
140 169
236 61
124 125
104 153
32 161
280 133
32 137
56 97
8 109
104 25
32 129
284 93
24 45
212 169
228 53
124 117
180 61
104 121
104 57
162 9
56 25
40 113
196 169
156 137
204 145
104 129
228 45
288 109
180 69
104 145
180 93
236 169
164 81
180 117
260 69
284 61
172 85
180 53
104 89
124 85
40 99
172 169
260 29
116 145
260 85
56 81
172 21
88 49
32 17
8 89
104 41
228 37
236 45
204 109
72 25
156 25
284 85
180 45
284 69
288 129
124 53
56 57
228 117
180 37
228 61
56 129
24 89
204 169
8 41
80 157
32 81
32 153
32 89
180 77
56 105
56 153
80 9
104 137
104 65
172 117
246 157
228 93
124 77
136 9
56 161
288 149
16 57
104 81
44 35
40 145
124 169
284 77
148 85
80 25
104 97
48 73
90 165
56 9
212 117
116 161
124 101
228 21
236 85
236 21
104 33
56 121
124 21
228 85
164 169
148 169
252 101
164 145
56 169
124 145
228 29
228 161
104 105
228 101
236 101
44 43
132 169
92 9
32 73
220 145
104 113
276 85
40 121
56 49
228 125
80 41
236 93
260 45
48 51
