104 113
124 29
180 85
164 145
128 9
220 125
56 145
172 169
104 145
32 49
44 35
64 165
8 109
64 41
104 25
276 85
56 73
246 141
32 57
124 109
260 29
172 93
156 25
228 45
8 97
16 25
180 77
260 109
140 137
164 137
212 65
56 49
104 89
104 97
172 61
56 137
124 169
196 145
124 37
64 157
132 21
288 149
236 45
104 137
104 161
246 157
56 17
72 49
268 97
228 125
284 77
104 17
40 73
220 169
172 117
124 93
32 65
228 85
140 145
64 21
40 137
228 77
8 73
132 169
40 83
236 169
90 165
132 81
180 45
48 83
24 89
288 129
236 37
40 63
236 29
32 169
56 161
260 61
56 153
180 61
188 169
256 157
148 137
56 25
8 49
72 41
180 29
40 169
284 93
88 49
40 99
72 25
44 27
8 89
220 73
236 145
162 9
56 129
204 57
276 77
220 145
148 9
16 17
44 43
32 89
56 65
172 53
236 69
124 53
104 65
56 41
236 77
104 49
124 45
172 85
32 97
56 169
48 99
204 145
56 113
40 161
228 169
32 81
56 89
48 73
260 85
172 125
24 45
124 125
252 21
80 25
24 25
104 57
288 109
124 101
32 121
156 137
116 145
228 117
72 9
260 45
236 61
44 11
16 109
228 69
172 45
32 17
124 77
172 101
204 109
212 169
260 69
32 113
228 61
56 57
188 93
56 105
228 101
148 85
172 109
260 93
40 113
16 57
180 109
236 21
16 97
180 21
104 33
32 153
104 169
140 65
48 51
172 21
104 73
32 41
104 105
8 57
260 53
56 33
180 117
236 93
156 145
280 133
204 169
136 9
228 109
236 53
212 145
24 17
172 77
228 93
124 145
212 117
180 53
188 145
92 9
148 145
148 169
104 41
56 81
180 101
80 41
188 41
124 85
40 129
196 49
156 169
32 161
48 63
56 121
32 25
80 9
132 61
180 37
260 77
260 129
236 101
8 65
180 125
276 53
172 37
80 25
252 101
196 101
284 53
276 69
8 81
236 85
256 141
180 93
276 61
280 109
228 145
164 169
180 69
40 51
252 125
228 29
80 157
32 137
56 97
40 153
284 101
132 137
32 145
196 169
228 161
284 61
104 81
276 93
124 117
132 145
40 121
164 81
32 73
228 21
104 153
40 145
270 133
140 169
228 37
172 69
104 121
196 161
116 161
284 85
172 29
124 61
104 129
172 145
228 53
124 69
56 9
124 21
120 9
32 129
8 41
276 101
284 69
260 37
