228 37
164 137
120 9
124 45
104 41
48 83
260 85
8 89
40 153
80 41
172 29
16 109
8 97
92 9
8 65
40 99
104 113
180 117
276 101
56 89
256 141
164 145
172 45
172 61
56 129
228 77
48 99
32 145
188 169
156 169
172 85
24 45
236 53
260 129
32 121
8 81
72 9
24 25
220 125
180 85
260 109
284 77
124 125
32 73
228 29
116 161
64 41
104 65
172 109
132 81
228 69
220 145
246 157
64 157
284 101
180 29
196 161
236 69
180 37
204 57
148 137
104 169
48 51
236 77
80 9
196 169
288 149
220 169
140 65
140 145
40 63
56 97
32 169
8 41
104 49
236 145
32 153
90 165
40 73
156 137
236 93
104 81
180 101
32 129
172 21
56 65
172 53
180 45
288 129
204 169
56 145
228 45
40 113
104 33
236 37
148 85
252 101
124 29
284 69
284 61
24 89
276 85
228 21
236 85
260 37
180 93
32 137
104 25
188 93
260 29
196 101
260 45
8 109
204 145
148 169
124 145
104 73
204 109
32 41
64 165
104 57
56 81
16 25
132 145
172 169
228 85
188 145
276 61
236 169
164 81
252 125
132 61
40 137
80 157
132 137
104 161
56 41
32 89
148 145
276 77
56 121
172 77
260 93
48 73
56 137
270 133
40 161
172 101
140 169
228 101
276 93
260 53
288 109
116 145
212 65
236 45
124 37
228 169
156 145
40 169
56 9
268 97
220 73
180 53
172 145
156 25
180 61
124 53
32 49
180 21
284 93
260 77
32 113
44 11
40 51
228 93
236 29
180 77
180 125
172 125
80 25
276 69
56 73
172 69
40 121
104 153
44 35
32 25
228 125
80 25
104 121
8 49
40 83
56 33
16 97
228 109
64 21
284 85
132 169
180 109
44 27
16 17
32 81
56 161
72 41
32 17
56 169
88 49
172 37
124 69
104 89
72 25
56 57
48 63
104 145
124 61
72 49
124 117
228 145
32 97
104 105
104 17
252 21
16 57
172 117
212 117
124 109
188 41
260 69
56 49
32 57
32 161
124 169
236 21
212 169
104 97
104 137
180 69
124 85
276 53
8 73
8 57
124 77
260 61
236 61
128 9
280 133
124 21
148 9
280 109
32 65
172 93
56 153
56 25
124 101
228 161
256 157
140 137
228 61
40 145
246 141
56 105
24 17
162 9
132 21
136 9
56 17
284 53
228 117
228 53
44 43
196 49
56 113
236 101
40 129
212 145
124 93
164 169
104 129
196 145
