148 85
56 49
256 157
212 65
260 37
48 63
16 17
124 109
48 99
180 101
236 29
212 169
32 89
260 129
196 145
276 77
172 169
172 77
260 109
124 45
140 65
172 93
220 73
56 129
104 169
104 145
148 137
80 157
284 77
56 153
56 169
44 35
280 109
104 153
196 101
172 29
104 73
40 113
56 81
56 121
56 97
56 9
228 101
136 9
56 17
288 109
104 137
56 57
56 33
32 17
212 117
284 53
236 69
284 69
204 109
24 25
48 83
180 85
156 137
228 29
124 125
16 57
48 51
156 25
40 153
236 101
8 81
80 9
124 53
188 145
40 129
132 61
172 109
228 169
40 145
32 65
188 93
228 161
228 61
260 61
172 61
24 45
64 41
120 9
40 63
48 73
32 41
180 93
24 17
80 41
104 89
164 81
204 57
172 85
172 53
284 101
44 43
64 165
56 137
40 137
124 85
276 53
220 125
32 81
228 45
92 9
72 49
8 89
128 9
162 9
32 137
236 85
260 53
284 93
180 109
148 9
40 73
8 65
148 145
56 161
212 145
72 9
228 93
246 157
260 93
236 53
236 169
236 37
236 21
236 45
228 69
180 21
172 125
104 17
276 101
124 29
116 161
104 97
236 93
260 77
56 25
260 69
32 129
124 21
132 21
32 25
196 169
24 89
180 61
228 117
124 101
228 85
56 105
104 129
64 21
40 121
104 65
32 97
180 77
140 145
156 169
172 117
180 53
8 97
56 89
276 85
236 61
204 169
124 145
8 109
16 109
8 73
104 49
180 117
260 45
228 53
180 45
228 145
284 85
64 157
188 169
288 149
40 83
124 69
104 113
80 25
32 169
32 57
252 101
104 25
32 121
276 69
148 169
220 169
116 145
44 27
32 113
252 21
196 49
104 105
220 145
180 29
172 45
164 169
32 49
32 145
228 125
188 41
156 145
32 153
90 165
124 37
32 73
124 117
164 145
8 49
172 145
270 133
172 101
40 169
8 41
44 11
88 49
180 37
172 21
252 125
104 41
104 121
164 137
236 145
104 81
132 137
276 61
140 169
32 161
124 169
104 57
204 145
56 73
280 133
40 51
56 113
256 141
196 161
124 61
236 77
16 25
180 69
140 137
228 77
72 25
40 99
16 97
172 37
56 145
246 141
288 129
180 125
276 93
228 21
124 93
260 85
228 37
132 81
104 161
228 109
132 145
80 25
132 169
8 57
56 41
172 69
56 65
40 161
104 33
260 29
72 41
268 97
284 61
124 77
