256 141
228 37
172 109
48 63
164 81
228 169
32 169
56 89
172 61
270 133
236 29
260 69
188 93
104 169
180 37
280 133
172 69
124 85
104 33
104 41
56 17
16 17
44 35
64 21
204 145
196 101
276 69
236 101
212 145
212 117
268 97
64 41
228 161
156 25
180 45
284 61
252 21
284 69
164 169
288 129
220 169
276 61
236 61
220 145
180 85
104 105
228 125
180 125
252 101
236 85
180 21
284 53
188 145
48 99
16 97
80 157
32 97
164 145
132 137
104 49
124 69
236 69
56 113
220 73
204 57
162 9
32 25
104 113
72 41
40 73
228 93
260 77
124 101
56 169
56 153
148 169
180 109
140 137
104 121
132 169
260 29
24 17
228 45
228 101
132 145
228 109
124 93
104 137
40 137
128 9
260 37
148 137
32 73
228 69
32 81
124 117
172 29
72 49
40 153
56 161
90 165
172 125
180 53
32 121
56 9
172 93
172 45
56 33
140 169
172 169
56 105
56 65
56 25
148 9
72 9
40 63
32 137
164 137
236 93
276 85
256 157
288 109
120 9
132 81
40 121
260 61
136 9
8 57
48 83
124 61
180 69
124 21
260 109
40 83
148 145
8 97
284 77
236 45
260 85
228 117
188 169
228 21
236 53
276 53
284 93
280 109
260 45
32 113
40 113
40 129
124 37
196 49
196 169
64 165
104 161
116 145
56 81
56 73
64 157
104 153
32 57
32 17
48 51
8 65
220 125
172 101
8 109
124 125
236 21
276 77
228 145
284 101
180 93
16 109
44 43
92 9
40 161
40 169
228 85
32 65
56 41
276 93
260 53
32 153
8 41
124 77
180 61
180 77
104 89
56 49
32 41
24 89
116 161
104 97
32 49
236 145
156 137
196 161
188 41
180 101
172 117
56 97
104 73
260 93
72 25
104 129
104 145
172 53
180 29
228 77
24 45
56 57
44 27
104 57
124 29
40 145
156 145
124 109
140 65
236 169
104 17
24 25
236 37
204 109
124 169
228 61
132 21
88 49
172 37
104 81
16 57
8 49
56 129
124 45
276 101
172 85
148 85
48 73
172 77
104 25
228 53
260 129
246 141
180 117
140 145
132 61
124 53
288 149
172 145
104 65
8 81
124 145
80 25
32 129
56 145
80 9
80 41
80 25
56 137
284 85
212 65
16 25
32 89
32 161
8 89
172 21
228 29
246 157
212 169
40 99
32 145
156 169
196 145
204 169
252 125
8 73
44 11
56 121
40 51
236 77
