32 73
8 73
32 49
72 49
56 89
40 113
124 145
116 145
104 145
104 129
124 77
124 45
124 29
196 49
180 29
256 157
228 125
228 101
252 125
228 117
212 169
212 145
276 85
276 101
260 109
260 129
260 85
268 97
236 93
164 81
116 161
140 137
172 85
148 137
180 93
180 77
132 81
124 85
180 117
172 101
156 137
164 169
180 109
164 137
196 169
204 169
188 145
220 125
246 141
228 85
260 93
284 69
284 61
276 61
260 53
260 61
236 77
228 77
236 85
284 85
236 53
228 61
228 109
180 85
132 61
148 85
104 57
32 25
16 25
16 17
56 41
32 65
8 97
56 121
32 121
32 161
64 157
56 161
16 97
32 89
48 63
40 51
44 43
44 35
24 17
24 25
32 41
40 63
40 83
40 99
56 153
40 137
56 129
64 165
40 145
40 169
32 153
40 161
90 165
32 129
56 105
80 157
32 137
40 153
32 145
24 89
16 109
8 109
80 9
104 33
92 9
124 21
236 45
228 37
228 69
228 21
260 37
288 149
280 133
288 129
284 101
276 93
280 109
228 145
212 117
172 77
140 145
132 145
104 169
104 121
48 73
48 83
56 65
56 57
40 129
56 137
124 109
148 169
140 169
204 145
196 161
246 157
220 145
256 141
270 133
228 169
220 169
196 145
236 145
228 161
236 169
180 101
172 93
104 89
88 49
124 61
132 21
136 9
156 25
284 93
196 101
252 101
276 77
288 109
284 77
276 69
236 61
236 29
172 53
180 53
124 37
172 21
180 37
188 41
172 125
172 109
188 93
128 9
104 25
124 69
104 41
162 9
180 21
172 45
172 29
228 45
204 57
236 69
252 21
260 29
228 29
228 53
260 45
260 69
276 53
284 53
172 61
172 69
124 101
212 65
220 73
260 77
236 101
204 109
228 93
124 125
172 145
104 161
148 145
156 169
180 125
172 117
132 137
32 169
56 169
56 145
104 73
72 25
44 27
56 9
80 41
148 9
180 45
172 37
236 21
236 37
180 61
180 69
164 145
172 169
124 169
132 169
104 153
56 113
48 99
8 81
16 57
24 45
56 97
104 49
124 53
80 25
32 57
8 65
8 41
56 17
8 57
8 49
32 81
56 81
104 17
120 9
80 25
56 73
64 41
72 41
64 21
72 9
56 33
56 49
56 25
32 17
44 11
48 51
104 65
104 81
124 93
156 145
188 169
104 97
140 65
104 105
104 137
124 117
104 113
8 89
40 73
32 97
32 113
40 121
