212 117
204 109
228 85
228 93
228 101
228 109
228 117
220 125
228 125
228 145
236 145
220 145
204 169
228 169
220 169
212 169
228 161
236 169
246 157
256 157
246 141
256 141
252 125
260 129
270 133
280 133
288 149
288 129
288 109
284 101
276 101
260 109
252 101
260 93
236 93
236 101
220 73
212 65
236 69
228 77
236 77
236 85
228 69
228 61
236 61
260 69
260 77
260 85
276 85
276 93
268 97
280 109
284 93
284 85
284 77
284 69
284 61
260 61
276 69
276 77
276 53
276 61
284 53
260 53
260 45
260 37
260 29
252 21
228 53
228 45
236 53
236 45
236 37
228 37
228 29
236 29
236 21
228 21
180 37
188 41
196 49
172 53
204 57
180 69
180 77
180 85
172 93
172 85
180 93
164 81
172 77
188 93
196 101
172 101
172 109
172 117
180 109
180 101
172 69
172 61
180 61
180 53
180 45
172 45
172 37
180 21
172 29
180 29
172 21
162 9
148 9
140 65
132 61
124 45
104 49
104 33
104 17
104 25
80 25
80 25
80 41
72 41
64 41
56 49
56 57
48 63
40 73
56 89
56 81
24 89
32 73
32 81
8 81
8 89
8 73
8 65
8 49
8 41
16 17
16 25
24 25
44 27
32 25
24 17
32 17
44 11
56 9
44 35
44 43
72 49
88 49
124 53
124 37
124 29
132 21
124 21
156 25
136 9
128 9
120 9
92 9
72 9
80 9
56 17
64 21
56 25
72 25
56 33
56 41
32 41
48 51
40 51
24 45
32 49
32 57
16 57
8 57
32 65
40 63
40 99
32 97
32 89
40 83
48 99
48 83
48 73
56 73
56 65
104 41
124 61
124 77
124 69
104 73
104 65
104 57
104 81
104 89
124 85
148 85
132 81
124 93
124 101
124 109
124 117
124 125
132 137
156 145
148 145
140 145
140 137
148 137
132 145
124 145
116 145
104 137
104 129
104 105
104 113
104 121
104 97
56 97
56 113
56 105
40 113
16 97
8 97
8 109
32 113
16 109
40 129
32 137
32 129
32 121
40 121
56 129
56 121
56 137
56 145
64 157
56 169
40 169
32 161
32 169
40 161
40 153
40 145
40 137
32 145
32 153
56 153
56 161
64 165
80 157
90 165
104 145
104 153
104 161
104 169
116 161
124 169
132 169
140 169
148 169
156 169
164 169
172 169
196 169
188 169
196 161
188 145
172 125
180 117
156 137
164 145
164 137
172 145
180 125
196 145
204 145
212 145
